49
48
48
112
48
49
48
112
0
0
118
0
0
112
48
48
43
103
48
48
0
0
60
0
0
0
0
0
0
0
0
0
0
0
0
0
0
0
0
0
0
0
62
126
58
50
53
42
45
33
35
118
95
118
0
0
0
0
0
0
0
0
0
0
118
112
51
43
49
103
48
48
34
64
34
112
51
103
48
48
34
46
34
60
0
35
0
0
0
0
0
0
0
0
0
0
62
0
0
0
0
0
0
0
0
0
0
0
0
0
0
0
0
0
0
0
0
0
0
0
0
0
0
0
0
0
0
0
118
0
0
0
0
0
0
0
0
0
0
0
0
0
0
0
0
0
0
0
0
60
35
0
0
0
0
0
0
0
0
0
62
58
34
47
34
96
33
35
118
95
0
58
34
58
34
127
96
35
118
95
118
0
0
0
0
0
0
0
0
0
0
0
0
0
118
0
112
48
49
48
60
0
0
0
0
0
0
0
0
0
0
0
60
0
0
0
0
0
0
0
0
0
0
0
0
0
62
0
48
48
103
51
112
0
49
0
0
0
0
0
0
0
0
0
0
0
94
0
0
0
0
0
0
0
0
0
118
95
94
35
0
0
112
48
49
49
0
103
48
49
0
0
0
0
60
0
0
0
0
0
0
0
0
0
0
0
0
0
62
0
48
48
103
58
58
58
34
50
34
127
51
112
34
53
34
127
49
43
0
118
0
0
0
0
0
0
0
0
0
0
118
0
112
51
43
51
127
34
42
34
112
51
43
50
127
34
42
34
112
51
0
60
0
0
0
0
0
0
0
0
0
0
62
0
48
48
103
52
43
51
112
34
43
34
48
48
103
53
43
51
112
0
54
0
94
0
0
0
0
0
0
0
0
0
0
0
0
0
0
0
0
0
0
0
0
0
0
0
0
0
0
0
0
0
0
0
0
0
0
0
0
0
0
0
0
0
0
0
0
0
0
0
0
0
0
0
0
0
0
0
0
0
0
0
0
0
0
0
0
0
0
0
0
0
0
0
0
0
0
0
0
0
0
0
0
0
0
0
0
0
0
0
0
0
0
0
0
0
0
0
0
0
0
0
0
0
0
0
0
0
0
0
0
0
0
0
0
0
0
0
0
0
0
0
0
0
0
0
0
0
0
0
0
0
0
0
0
0
0
0
0
0
0
0
0
0
0
0
0
0
0
0
0
0
0
0
0
0
0
0
0
0
0
0
0
0
0
0
0
0
0
0
0
0
0
0
0
0
0
0
0
0
0
0
0
0
0
0
0
0
0
0
0
0
0
0
0
0
0
0
0
0
0
0
0
0
0
0
0
0
0
0
0
0
0
0
0
0
0
0
0
0
0
0
0
0
0
0
0
0
0
0
0
0
0
0
0
0
0
0
0
0
0
0
0
0
0
0
0
0
0
0
0
0
0
0
0
0
0
0
0
0
0
0
0
0
0
0
0
0
0
0
0
0
0
0
0
0
0
0
0
0
0
0
0
0
0
0
0
0
0
0
0
0
0
0
0
0
0
0
0
0
0
0
0
0
0
0
0
0
0
0
0
0
0
0
0
0
0
0
0
0
0
0
0
0
0
0
0
0
0
0
0
0
0
0
0
0
0
0
0
0
0
0
0
0
0
0
0
0
0
0
0
0
0
0
0
0
0
0
0
0
0
0
0
0
0
0
0
0
0
0
0
0
0
0
0
0
0
0
0
0
0
0
0
0
0
0
0
0
0
0
0
0
0
0
0
0
